====================================================================================================
  PHASE F2 — Experiment 2: Repair Convergence
====================================================================================================

  Seeds: 200 | Ticks: 100 | Colony size: 10


  --- Repair Enabled ---
    Tick   Semantic Success   Lexicon Divergence   Misaction Rate   Repair Count
  ------ ------------------ -------------------- ---------------- --------------
       0             0.9851               0.8789           0.1485           0.00
       5             0.9848               0.8757           0.1520           0.00
      10             0.9859               0.8332           0.1410           0.00
      15             0.9860               0.7969           0.1403           0.00
      20             0.9847               0.7879           0.1527           0.00
      25             0.9844               0.7867           0.1562           0.00
      30             0.9845               0.7863           0.1550           0.00
      35             0.9848               0.7862           0.1517           0.00
      40             0.9847               0.7862           0.1535           0.00
      45             0.9847               0.7862           0.1530           0.00
      50             0.9852               0.7862           0.1477           0.00
      55             0.9853               0.7862           0.1475           0.00
      60             0.9851               0.7862           0.1487           0.00
      65             0.9848               0.7862           0.1520           0.00
      70             0.9854               0.7862           0.1457           0.00
      75             0.9846               0.7862           0.1540           0.00
      80             0.9842               0.7862           0.1578           0.00
      85             0.9849               0.7862           0.1515           0.00
      90             0.9855               0.7862           0.1450           0.00
      95             0.9851               0.7862           0.1485           0.00
      99             0.9853               0.7862           0.1475           0.00

  --- Repair Disabled ---
    Tick   Semantic Success   Lexicon Divergence   Misaction Rate   Repair Count
  ------ ------------------ -------------------- ---------------- --------------
       0             0.9849               0.8790           0.1507           0.00
       5             0.9851               0.8790           0.1492           0.00
      10             0.9861               0.8790           0.1390           0.00
      15             0.9849               0.8790           0.1515           0.00
      20             0.9845               0.8790           0.1552           0.00
      25             0.9849               0.8790           0.1510           0.00
      30             0.9850               0.8790           0.1497           0.00
      35             0.9849               0.8790           0.1507           0.00
      40             0.9853               0.8790           0.1472           0.00
      45             0.9848               0.8790           0.1522           0.00
      50             0.9848               0.8790           0.1517           0.00
      55             0.9857               0.8790           0.1435           0.00
      60             0.9851               0.8790           0.1490           0.00
      65             0.9849               0.8790           0.1508           0.00
      70             0.9862               0.8790           0.1375           0.00
      75             0.9850               0.8790           0.1497           0.00
      80             0.9847               0.8790           0.1525           0.00
      85             0.9841               0.8790           0.1590           0.00
      90             0.9850               0.8790           0.1497           0.00
      95             0.9847               0.8790           0.1532           0.00
      99             0.9849               0.8790           0.1510           0.00

  --- Final Tick Comparison ---
  Metric                      Repair Enabled   Repair Disabled
  ------------------------- ---------------- -----------------
  Semantic Success Rate               0.9853            0.9849
  Lexicon Divergence                  0.7862            0.8790
  Misaction Rate                      0.1475            0.1510

====================================================================================================

Elapsed: 113.94s
